102.466867	29.059306	1.4
102.033594	29.544314	1.3
102.026003	29.520502	1.1
102.733371	27.886525	1.9
102.240879	28.973418	0.5
102.374653	29.066801	1.2
102.248821	28.107399	0.3
102.501707	28.911313	0.3
102.260769	28.065336	0.8
102.302668	29.235943	-0.1
102.375816	29.008132	1.3
102.113254	28.557542	1.4
101.557366	28.181235	0.9
101.956365	28.475182	1.1
102.490484	28.961890	-0.2
102.246684	29.235028	0.9
102.731930	27.889630	2.5
102.317259	28.441603	0.5
102.323874	28.443990	1.1
102.360802	29.071936	0.6
102.304680	29.145675	0.3
102.355261	29.322533	1.7
102.392306	29.322726	0.4
102.350027	29.325055	0.6
101.877459	27.762675	1.1
102.058101	29.433017	1.3
102.281466	29.227175	0.3
102.393476	29.085442	0.1
102.045122	29.629206	0.9
102.442089	29.097041	-0.1
